Euclidean_distance:
17  cluster:
[[0], [1], [2], [3], [4], [5], [6], [7], [8], [9], [10], [11], [12], [13], [14], [15], [16]]
16  cluster:
[[0], [1], [2, 4], [3], [5], [6], [7], [8], [9], [10], [11], [12], [13], [14], [15], [16]]
15  cluster:
[[0], [1], [2, 4], [3], [5, 14], [6], [7], [8], [9], [10], [11], [12], [13], [15], [16]]
14  cluster:
[[0, 3], [1], [2, 4], [5, 14], [6], [7], [8], [9], [10], [11], [12], [13], [15], [16]]
13  cluster:
[[0, 3], [1], [2, 4], [5, 14], [6], [7], [8], [9], [10], [11, 15], [12], [13], [16]]
12  cluster:
[[0, 3], [1], [2, 4], [5, 14, 7], [6], [8], [9], [10], [11, 15], [12], [13], [16]]
11  cluster:
[[0, 3, 1], [2, 4], [5, 14, 7], [6], [8], [9], [10], [11, 15], [12], [13], [16]]
10  cluster:
[[0, 3, 1, 2, 4], [5, 14, 7], [6], [8], [9], [10], [11, 15], [12], [13], [16]]
9  cluster:
[[0, 3, 1, 2, 4], [5, 14, 7, 6], [8], [9], [10], [11, 15], [12], [13], [16]]
8  cluster:
[[0, 3, 1, 2, 4], [5, 14, 7, 6], [8], [9], [10], [11, 15], [12, 13], [16]]
7  cluster:
[[0, 3, 1, 2, 4], [5, 14, 7, 6], [8, 16], [9], [10], [11, 15], [12, 13]]
6  cluster:
[[0, 3, 1, 2, 4], [5, 14, 7, 6], [8, 16], [9], [10, 11, 15], [12, 13]]
5  cluster:
[[0, 3, 1, 2, 4], [5, 14, 7, 6], [8, 16, 12, 13], [9], [10, 11, 15]]
4  cluster:
[[0, 3, 1, 2, 4, 8, 16, 12, 13], [5, 14, 7, 6], [9], [10, 11, 15]]
3  cluster:
[[0, 3, 1, 2, 4, 8, 16, 12, 13, 5, 14, 7, 6], [9], [10, 11, 15]]
2 cluster:
[[0, 3, 1, 2, 4, 8, 16, 12, 13, 5, 14, 7, 6], [9, 10, 11, 15]]


NCut_distance:
17  cluster:
[[0], [1], [2], [3], [4], [5], [6], [7], [8], [9], [10], [11], [12], [13], [14], [15], [16]]
16  cluster:
[[0], [1], [2], [3], [4], [5], [6], [7], [8, 9], [10], [11], [12], [13], [14], [15], [16]]
15  cluster:
[[0], [1], [2], [3], [4], [5], [6], [7], [8, 9], [10, 14], [11], [12], [13], [15], [16]]
14  cluster:
[[0], [1], [2], [3, 6], [4], [5], [7], [8, 9], [10, 14], [11], [12], [13], [15], [16]]
13  cluster:
[[0], [1, 11], [2], [3, 6], [4], [5], [7], [8, 9], [10, 14], [12], [13], [15], [16]]
12  cluster:
[[0], [1, 11], [2], [3, 6], [4], [5, 15], [7], [8, 9], [10, 14], [12], [13], [16]]
11  cluster:
[[0], [1, 11], [2], [3, 6], [4], [5, 15], [7], [8, 9], [10, 14, 16], [12], [13]]
10  cluster:
[[0], [1, 11], [2], [3, 6], [4, 8, 9], [5, 15], [7], [10, 14, 16], [12], [13]]
9  cluster:
[[0, 13], [1, 11], [2], [3, 6], [4, 8, 9], [5, 15], [7], [10, 14, 16], [12]]
8  cluster:
[[0, 13], [1, 11, 12], [2], [3, 6], [4, 8, 9], [5, 15], [7], [10, 14, 16]]
7  cluster:
[[0, 13], [1, 11, 12], [2, 10, 14, 16], [3, 6], [4, 8, 9], [5, 15], [7]]
6  cluster:
[[0, 13, 7], [1, 11, 12], [2, 10, 14, 16], [3, 6], [4, 8, 9], [5, 15]]
5  cluster:
[[0, 13, 7], [1, 11, 12], [2, 10, 14, 16], [3, 6, 5, 15], [4, 8, 9]]
4  cluster:
[[0, 13, 7], [1, 11, 12, 4, 8, 9], [2, 10, 14, 16], [3, 6, 5, 15]]
3  cluster:
[[0, 13, 7, 3, 6, 5, 15], [1, 11, 12, 4, 8, 9], [2, 10, 14, 16]]
2 cluster:
[[0, 13, 7, 3, 6, 5, 15], [1, 11, 12, 4, 8, 9, 2, 10, 14, 16]]